HANOI_lat = 21.0294498
HANOI_lon = 105.8544441
