HANOI_lat = 21.0294498
HANOI_lon = 105.8544441
DANANG_lat = 16.068
DANANG_lon = 108.212
HOCHIMINH_lat = 10.776325
HOCHIMINH_lon = 106.7012016
HAIPHONG_lat = 20.858864
HAIPHONG_lon = 106.6749591

